
Init() is running ...
[parent is running, child pid:9]
[child is running, pid:9]
[menguozi@localhost] $
{MM} MM::do_exec()::pathname:pwd.elf
{MM} MM::do_exec()::stat()::ret :0
{MM} MM::do_exec()::open()::fd :2
{MM} MM::do_exec()::read()::size :9000
{MM} MM::do_exec()::close()::ret :0
0 0 0 0 0 0 0 0 0 0 0 0 0 0 0 27 0 0 0 1 0 0 0 6 0 0 0 0 16 0 0 0 16 0 0 104 7 0
 0 0 0 0 0 0 0 0 0 16 0 0 0 0 0 0 0 33 0 0 0 1 0 0 0 2 0 0 0 104 23 0 0 104 23 0
 0 232 0 0 0 0 0 0 0 0 0 0 0 4 0 0 0 0 0 0 0 41 0 0 0 1 0 0 0 2 0 0 0 80 24 0 0
80 24 0 0 224 1 0 0 0 0 0 0 0 0 0 0 4 0 0 0 0 0 0 0 51 0 0 0 1 0 0 0 48 0 0 0 0
0 0 0 48 26 0 0 53 0 0 0 0 0 0 0 0 0 0 0 1 0 0 0 1 0 0 0 17 0 0 0 3 0 0 0 0 0 0
0 0 0 0 0 171 33 0 0 60 0 0 0 0 0 0 0 0 0 0 0 1 0 0 0 0 0 0 0 1 0 0 0 2 0 0 0 0
0 0 0 0 0 0 0 104 26 0 0 240 4 0 0 7 0 0 0 56 0 0 0 4 0 0 0 16 0 0 0 9 0 0 0 3 0
 0 0 0 0 0 0 0 0 0 0 88 31 0 0 83 2 0 0 0 0 0 0 0 0 0 0 1 0 0 0 0 0 0 0 0 0 0 0
0 0 0 0 0 0 0 0 0 0 0 0 0 0 0 0 0 0 0 0 0 0 0 0 0 0 0 0 0 0 0 0 0 0 0 0 0 0 0 0
0 0 0 0 0 0 0 0 0 0 0 0 0 0 0 0 0 0 0 0 0 0 0 0 0 0 0 0 0 0 0 0 0 0 0 0 0 0 0 0
0 0 0 0 0 0 0 0 0 0 0 0 0 0 0 0 0 0 0 0 0 0 0 0 0 0 0 0 0 0 0 0 0 0 0 0 0 0 0 0
0 0 0 0 0 0 0 0 0 0 0 0 0 0 0 0 0 0 0 0 0 0 0 0 0 0 0 0 0 0 0 0 0 0 0 0 0 0 0 0
0 0 0 0 0 0 0 0 0 0 0 0 0 0 0 0 0 0 0 0 0 0 0 0 0 0 0 0 0 0 0 0 0 0 0 0 0 0 0 0
0 0 0 0 0 0 0 0 0 0 0 0 0 0 0 0 0 0 0 0 0 0 0 0 0 0 0 0 0 0 0 0 0 0 0 0 0 0 0 0
0 0 0 0 0 0 0 0 0 0 0 0 0 0 0 0 0 0 0 0 0 0 0 0 0 0 0 0 0 0 0 0 0
